pulseheight,counts_ch_A,counts_ch_B
89.55882352941177,20,0
118.6764705882353,25,0
147.79411764705884,23,0
176.91176470588235,26,0
206.02941176470588,46,0
235.1470588235294,56,0
264.2647058823529,63,0
293.38235294117646,97,0
322.5,87,0
351.61764705882354,66,0
380.7352941176471,66,0
409.8529411764706,83,0
438.9705882352941,60,0
468.0882352941176,69,0
497.20588235294116,59,0
526.3235294117646,80,0
555.4411764705883,54,0
584.5588235294117,60,0
613.6764705882354,51,0
642.7941176470588,72,0
671.9117647058824,59,0
701.0294117647059,54,0
730.1470588235295,40,0
759.2647058823529,44,0
788.3823529411764,41,0
817.5,37,0
846.6176470588234,40,0
875.7352941176471,24,0
904.8529411764705,29,0
933.9705882352941,24,0
963.0882352941176,20,0
992.2058823529412,34,0
1021.3235294117648,19,0
1050.4411764705883,26,0
1079.5588235294117,18,0
1108.6764705882351,26,0
1137.7941176470588,18,0
1166.9117647058824,18,0
1196.0294117647059,24,0
1225.1470588235293,18,0
1254.264705882353,15,0
1283.3823529411766,12,0
1312.5,16,0
1341.6176470588234,15,0
1370.735294117647,15,0
1399.8529411764707,14,0
1428.9705882352941,19,0
1458.0882352941176,19,0
1487.205882352941,10,0
1516.3235294117646,14,0
1545.4411764705883,23,0
1574.5588235294117,20,0
1603.6764705882351,17,0
1632.7941176470588,11,0
1661.9117647058824,18,0
1691.0294117647059,20,0
1720.1470588235293,22,0
1749.264705882353,15,0
1778.3823529411766,13,0
1807.5,11,0
1836.6176470588234,9,0
1865.735294117647,3,0
1894.8529411764707,9,0
1923.9705882352941,3,0
1953.0882352941176,5,0
1982.205882352941,2,0
2011.3235294117646,7,0
2040.4411764705883,6,0
2069.5588235294117,1,0
2098.676470588235,5,0
2127.7941176470586,6,0
2156.9117647058824,8,0
2186.029411764706,4,0
2215.1470588235293,1,0
2244.264705882353,9,0
2273.3823529411766,5,0
2302.5,4,0
2331.6176470588234,4,0
2360.735294117647,1,0
2389.8529411764707,3,0
2418.970588235294,1,0
2448.0882352941176,3,0
2477.205882352941,1,0
2506.323529411765,2,0
2535.4411764705883,3,0
2564.5588235294117,2,0
2593.676470588235,1,0
2622.7941176470586,2,0
2651.9117647058824,1,0
2681.029411764706,5,0
2710.1470588235293,1,0
2739.264705882353,0,0
2768.3823529411766,1,0
2797.5,2,0
2826.6176470588234,2,0
2855.735294117647,4,0
2884.8529411764703,4,0
2913.970588235294,0,0
2943.0882352941176,2,0
2972.205882352941,5,0
3001.323529411765,0,0
3030.4411764705883,0,0
3059.5588235294117,0,0
3088.676470588235,2,0
3117.7941176470586,3,0
3146.9117647058824,3,0
3176.029411764706,1,0
3205.1470588235293,2,0
3234.264705882353,2,0
3263.3823529411766,3,0
3292.5,1,0
3321.6176470588234,0,0
3350.735294117647,2,0
3379.8529411764703,0,0
3408.970588235294,0,0
3438.0882352941176,1,0
3467.205882352941,0,0
3496.323529411765,0,0
3525.4411764705883,0,0
3554.5588235294117,3,0
3583.676470588235,1,0
3612.7941176470586,2,0
3641.9117647058824,0,0
3671.029411764706,0,0
3700.1470588235293,3,0
3729.264705882353,1,0
3758.3823529411766,2,0
3787.5,1,0
3816.6176470588234,0,0
3845.735294117647,1,0
3874.8529411764703,0,0
3903.970588235294,0,0
3933.0882352941176,0,0
3962.205882352941,1,0
3991.323529411765,1,0
4020.4411764705883,0,0
4049.5588235294117,0,0
4078.676470588235,0,0
4107.794117647059,0,0
4136.911764705882,2,0
4166.029411764706,0,0
4195.14705882353,0,0
4224.264705882353,0,0
4253.382352941177,1,0
4282.5,2,0
4311.617647058823,0,0
4340.735294117647,1,0
4369.85294117647,0,0
4398.970588235294,0,0
4428.088235294117,2,0
4457.205882352941,0,0
4486.323529411765,1,0
4515.441176470588,0,0
4544.558823529412,1,0
4573.676470588235,0,0
4602.794117647059,2,0
4631.911764705882,1,0
4661.029411764706,1,0
4690.14705882353,4,0
4719.264705882353,1,0
4748.382352941177,3,0
4777.5,1,0
4806.617647058823,0,0
4835.735294117647,1,0
4864.85294117647,1,0
4893.970588235294,2,0
4923.088235294117,1,0
4952.205882352941,0,0
4981.323529411765,0,0
5010.441176470588,0,0
5039.558823529412,0,0
5068.676470588235,2,0
5097.794117647059,0,0
5126.911764705882,0,0
5156.029411764706,0,0
5185.14705882353,0,0
5214.264705882353,0,0
5243.382352941177,0,0
5272.5,0,0
5301.617647058823,0,0
5330.735294117647,0,0
5359.85294117647,0,0
5388.970588235294,0,0
5418.088235294117,0,0
5447.205882352941,1,0
5476.323529411765,0,0
5505.441176470588,0,0
5534.558823529412,2,0
5563.676470588235,0,0
5592.794117647059,1,0
5621.911764705882,0,0
5651.029411764705,1,0
5680.14705882353,1,0
5709.264705882353,0,0
5738.382352941177,0,0
5767.5,1,0
5796.617647058823,1,0
5825.735294117647,0,0
5854.85294117647,0,0
5883.970588235294,0,0
5913.088235294117,0,0
5942.205882352941,0,0
5971.323529411765,0,0
6000.441176470588,0,0
6029.558823529412,0,0
6058.676470588235,1,0
6087.794117647059,1,0
6116.911764705882,0,0
6146.029411764705,0,0
6175.14705882353,0,0
6204.264705882353,0,0
6233.382352941177,0,0
6262.5,0,0
6291.617647058823,0,0
6320.735294117647,0,0
6349.85294117647,1,0
6378.970588235294,0,0
6408.088235294117,0,0
6437.205882352941,0,0
6466.323529411765,1,0
6495.441176470588,0,0
6524.558823529412,0,0
6553.676470588235,1,0
6582.794117647059,0,0
6611.911764705882,0,0
6641.029411764705,0,0
6670.14705882353,1,0
6699.264705882353,0,0
6728.382352941177,0,0
6757.5,0,0
6786.617647058823,0,0
6815.735294117647,0,0
6844.85294117647,0,0
6873.970588235294,0,0
6903.088235294117,0,0
6932.205882352941,0,0
6961.323529411765,0,0
6990.441176470588,0,0
7019.558823529412,0,0
7048.676470588235,0,0
7077.794117647059,0,0
7106.911764705882,0,0
7136.029411764705,0,0
7165.14705882353,0,0
7194.264705882353,0,0
7223.382352941177,0,0
7252.5,0,0
7281.617647058823,0,0
7310.735294117647,0,0
7339.85294117647,0,0
7368.970588235294,0,0
7398.088235294117,0,0
7427.205882352941,0,0
7456.323529411765,0,0
7485.441176470588,0,0
