pulseheight,counts_ch_A,counts_ch_B
7.0897097097097115,82,0
7.429129129129131,86,0
7.768548548548551,128,0
8.10796796796797,130,0
8.44738738738739,126,0
8.786806806806808,107,0
9.126226226226228,114,0
9.465645645645647,103,0
9.805065065065067,229,0
10.144484484484487,6292,0
10.483903903903906,7873,0
10.823323323323326,7631,0
11.162742742742743,7162,0
11.502162162162165,6681,0
11.841581581581583,6523,0
12.181001001001004,5992,0
12.520420420420422,5495,0
12.859839839839843,5027,0
13.19925925925926,4949,0
13.538678678678682,4790,0
13.8780980980981,4482,0
14.21751751751752,4355,0
14.556936936936939,4520,0
14.896356356356359,4808,0
15.235775775775778,5009,0
15.575195195195196,5274,0
15.914614614614617,5666,0
16.254034034034035,5712,0
16.593453453453456,5921,0
16.932872872872874,6171,0
17.272292292292295,6231,0
17.611711711711713,6414,0
17.951131131131135,6496,0
18.290550550550552,6574,0
18.629969969969974,6844,0
18.96938938938939,7023,0
19.308808808808813,7369,0
19.64822822822823,7651,0
19.987647647647652,7499,0
20.32706706706707,8128,0
20.66648648648649,7851,0
21.00590590590591,8137,0
21.345325325325327,8165,0
21.684744744744748,8099,0
22.024164164164166,7864,0
22.363583583583587,7436,0
22.703003003003005,6990,0
23.042422422422426,6556,0
23.381841841841844,6001,0
23.72126126126126,5270,0
24.060680680680683,4737,0
24.400100100100104,4210,0
24.739519519519522,3607,0
25.07893893893894,3319,0
25.41835835835836,2849,0
25.757777777777783,2661,0
26.0971971971972,2504,0
26.436616616616618,2171,0
26.77603603603604,1907,0
27.11545545545546,1909,0
27.45487487487488,1866,0
27.794294294294296,1716,0
28.133713713713718,1768,0
28.47313313313314,1641,0
28.812552552552553,1609,0
29.151971971971975,1572,0
29.491391391391396,1407,0
29.830810810810814,1473,0
30.17023023023023,1437,0
30.509649649649653,1363,0
30.849069069069074,1311,0
31.188488488488492,1374,0
31.52790790790791,1262,0
31.86732732732733,1202,0
32.206746746746745,1205,0
32.546166166166174,1179,0
32.88558558558559,1067,0
33.22500500500501,1077,0
33.56442442442443,1059,0
33.903843843843845,977,0
34.24326326326327,909,0
34.58268268268269,988,0
34.9221021021021,1046,0
35.26152152152153,914,0
35.600940940940944,914,0
35.94036036036036,936,0
36.27977977977979,949,0
36.6191991991992,985,0
36.95861861861862,1076,0
37.298038038038044,957,0
37.63745745745746,1011,0
37.97687687687689,1030,0
38.3162962962963,956,0
38.655715715715715,1023,0
38.99513513513514,1011,0
39.33455455455456,1034,0
39.67397397397397,1006,0
40.0133933933934,1035,0
40.352812812812815,1025,0
40.692232232232236,1020,0
41.03165165165166,968,0
41.37107107107107,940,0
41.7104904904905,961,0
42.049909909909914,1011,0
42.38932932932933,907,0
42.72874874874876,939,0
43.06816816816817,889,0
43.40758758758759,904,0
43.747007007007014,920,0
44.08642642642643,888,0
44.425845845845856,822,0
44.76526526526527,882,0
45.104684684684685,839,0
45.44410410410411,848,0
45.78352352352353,776,0
46.12294294294294,802,0
46.46236236236237,719,0
46.801781781781784,720,0
47.141201201201206,705,0
47.48062062062063,777,0
47.82004004004004,692,0
48.15945945945947,746,0
48.498878878878884,745,0
48.8382982982983,794,0
49.17771771771773,699,0
49.51713713713714,745,0
49.85655655655656,779,0
50.19597597597598,721,0
50.5353953953954,727,0
50.87481481481482,722,0
51.21423423423424,811,0
51.553653653653654,731,0
51.89307307307308,732,0
52.2324924924925,771,0
52.57191191191191,742,0
52.91133133133134,699,0
53.250750750750754,656,0
53.590170170170175,736,0
53.9295895895896,718,0
54.26900900900901,664,0
54.60842842842844,670,0
54.947847847847854,664,0
55.28726726726727,707,0
55.626686686686696,576,0
55.96610610610611,602,0
56.305525525525525,554,0
56.64494494494495,530,0
56.98436436436437,512,0
57.32378378378379,569,0
57.66320320320321,496,0
58.002622622622624,447,0
58.34204204204205,447,0
58.68146146146147,403,0
59.02088088088088,333,0
59.36030030030031,325,0
59.699719719719724,328,0
60.039139139139145,305,0
60.37855855855857,310,0
60.71797797797798,271,0
61.05739739739741,282,0
61.39681681681682,222,0
61.73623623623624,225,0
62.075655655655666,215,0
62.41507507507508,221,0
62.754494494494494,201,0
63.09391391391392,152,0
63.43333333333334,151,0
63.77275275275276,202,0
64.11217217217218,145,0
64.45159159159161,146,0
64.79101101101102,153,0
65.13043043043044,146,0
65.46984984984985,119,0
65.80926926926927,138,0
66.14868868868871,119,0
66.48810810810812,123,0
66.82752752752754,127,0
67.16694694694695,136,0
67.50636636636636,117,0
67.84578578578578,108,0
68.18520520520522,105,0
68.52462462462464,86,0
68.86404404404405,100,0
69.20346346346346,101,0
69.54288288288288,84,0
69.88230230230232,89,0
70.22172172172174,92,0
70.56114114114115,64,0
70.90056056056056,71,0
71.23997997997998,75,0
71.5793993993994,84,0
71.91881881881882,67,0
72.25823823823825,56,0
72.59765765765766,76,0
72.93707707707708,62,0
73.2764964964965,67,0
73.61591591591592,60,0
73.95533533533535,44,0
74.29475475475476,37,0
74.63417417417418,63,0
74.97359359359359,365,0
75.31301301301302,26,0
75.65243243243245,41,0
75.99185185185186,28,0
76.33127127127128,18,0
76.67069069069069,38,0
77.01011011011012,31,0
77.34952952952953,32,0
77.68894894894896,31,0
78.02836836836838,31,0
78.36778778778779,24,0
78.7072072072072,33,0
79.04662662662663,26,0
79.38604604604606,22,0
79.72546546546548,20,0
80.06488488488489,11,0
80.4043043043043,15,0
80.74372372372373,9,0
81.08314314314315,16,0
81.42256256256258,9,0
81.76198198198199,15,0
82.1014014014014,13,0
82.44082082082083,9,0
82.78024024024025,8,0
83.11965965965967,10,0
83.45907907907909,3,0
83.7984984984985,11,0
84.13791791791792,23,0
84.47733733733735,10,0
84.81675675675676,8,0
85.15617617617619,6,0
85.4955955955956,9,0
85.83501501501502,9,0
86.17443443443445,12,0
86.51385385385386,68,0
86.85327327327329,13,0
87.1926926926927,10,0
87.53211211211212,15,0
87.87153153153153,10,0
88.21095095095096,7,0
88.55037037037037,6,0
88.8897897897898,7,0
89.22920920920922,3,0
89.56862862862863,7,0
89.90804804804806,7,0
90.24746746746747,9,0
90.5868868868869,9,0
90.92630630630632,3,0
91.26572572572573,17,0
91.60514514514514,11,0
91.94456456456457,10,0
92.283983983984,11,0
92.62340340340342,3,0
92.96282282282283,4,0
93.30224224224224,4,0
93.64166166166167,2,0
93.98108108108109,8,0
94.32050050050051,11,0
94.65991991991993,7,0
94.99933933933934,7,0
95.33875875875876,8,0
95.67817817817819,11,0
96.01759759759761,6,0
96.35701701701703,7,0
96.69643643643644,4,0
97.03585585585586,4,0
97.37527527527529,9,0
97.7146946946947,4,0
98.05411411411413,8,0
98.39353353353354,11,0
98.73295295295296,5,0
99.07237237237239,5,0
99.4117917917918,7,0
99.75121121121123,7,0
100.09063063063064,6,0
100.43005005005006,13,0
100.76946946946947,8,0
101.1088888888889,5,0
101.44830830830831,9,0
101.78772772772774,8,0
102.12714714714716,8,0
102.46656656656657,10,0
102.805985985986,6,0
103.14540540540541,5,0
103.48482482482484,8,0
103.82424424424426,7,0
104.16366366366367,7,0
104.50308308308308,11,0
104.84250250250251,10,0
105.18192192192193,10,0
105.52134134134135,6,0
105.86076076076077,9,0
106.20018018018018,9,0
106.53959959959961,11,0
106.87901901901903,6,0
107.21843843843845,10,0
107.55785785785787,8,0
107.89727727727728,6,0
108.2366966966967,7,0
108.57611611611613,2,0
108.91553553553555,10,0
109.25495495495497,6,0
109.59437437437438,5,0
109.9337937937938,7,0
110.27321321321323,3,0
110.61263263263264,6,0
110.95205205205207,3,0
111.29147147147148,7,0
111.6308908908909,7,0
111.97031031031031,5,0
112.30972972972974,5,0
112.64914914914917,4,0
112.98856856856858,10,0
113.327987987988,6,0
113.66740740740741,6,0
114.00682682682684,2,0
114.34624624624625,3,0
114.68566566566568,8,0
115.0250850850851,5,0
115.36450450450451,3,0
115.70392392392394,8,0
116.04334334334335,4,0
116.38276276276278,9,0
116.7221821821822,7,0
117.06160160160161,2,0
117.40102102102102,7,0
117.74044044044045,4,0
118.07985985985987,6,0
118.4192792792793,5,0
118.75869869869871,3,0
119.09811811811812,1,0
119.43753753753755,4,0
119.77695695695697,3,0
120.1163763763764,2,0
120.45579579579581,3,0
120.79521521521522,1,0
121.13463463463464,9,0
121.47405405405406,2,0
121.81347347347348,1,0
122.15289289289291,3,0
122.49231231231232,7,0
122.83173173173174,5,0
123.17115115115116,4,0
123.51057057057058,5,0
123.84998998999001,4,0
124.18940940940942,1,0
124.52882882882884,1,0
124.86824824824825,2,0
125.20766766766768,0,0
125.5470870870871,5,0
125.88650650650652,6,0
126.22592592592594,3,0
126.56534534534535,2,0
126.90476476476478,2,0
127.24418418418419,3,0
127.58360360360362,4,0
127.92302302302303,2,0
128.26244244244245,2,0
128.6018618618619,1,0
128.9412812812813,0,0
129.28070070070072,1,0
129.62012012012013,2,0
129.95953953953955,1,0
130.29895895895896,2,0
130.63837837837838,1,0
130.9777977977978,3,0
131.3172172172172,1,0
131.65663663663665,2,0
131.99605605605606,1,0
132.3354754754755,0,0
132.67489489489492,1,0
133.01431431431433,2,0
133.35373373373375,2,0
133.69315315315316,2,0
134.03257257257258,2,0
134.371991991992,1,0
134.7114114114114,1,0
135.05083083083082,1,0
135.39025025025026,2,0
135.7296696696697,2,0
136.06908908908912,1,0
136.40850850850853,1,0
136.74792792792795,1,0
137.08734734734736,2,0
137.42676676676678,4,0
137.7661861861862,1,0
138.1056056056056,2,0
138.44502502502502,0,0
138.78444444444443,2,0
139.12386386386387,2,0
139.46328328328332,1,0
139.80270270270273,0,0
140.14212212212215,0,0
140.48154154154156,2,0
140.82096096096097,1,0
141.1603803803804,2,0
141.4997997997998,1,0
141.83921921921922,2,0
142.17863863863863,1,0
142.51805805805805,3,0
142.8574774774775,3,0
143.19689689689693,3,0
143.53631631631634,2,0
143.87573573573576,0,0
144.21515515515517,0,0
144.5545745745746,0,0
144.893993993994,1,0
145.23341341341342,3,0
145.57283283283283,1,0
145.91225225225224,0,0
146.25167167167166,1,0
146.5910910910911,1,0
146.93051051051054,0,0
147.26992992992996,1,0
147.60934934934937,1,0
147.9487687687688,1,0
148.2881881881882,1,0
148.62760760760762,0,0
148.96702702702703,1,0
149.30644644644644,0,0
149.64586586586586,1,0
149.98528528528527,4,0
150.32470470470471,0,0
150.66412412412416,0,0
151.00354354354357,0,0
151.34296296296299,1,0
151.6823823823824,0,0
152.02180180180181,0,0
152.36122122122123,2,0
152.70064064064064,1,0
153.04006006006006,3,0
153.37947947947947,2,0
153.71889889889889,1,0
154.05831831831833,2,0
154.39773773773777,2,0
154.73715715715718,1,0
155.0765765765766,1,0
155.415995995996,0,0
155.75541541541543,0,0
156.09483483483484,2,0
156.43425425425426,0,0
156.77367367367367,0,0
157.11309309309308,0,0
157.45251251251253,1,0
157.79193193193197,0,0
158.13135135135138,0,0
158.4707707707708,3,0
158.8101901901902,1,0
159.14960960960963,0,0
159.48902902902904,2,0
159.82844844844846,1,0
160.16786786786787,2,0
160.50728728728728,0,0
160.8467067067067,0,0
161.18612612612614,0,0
161.52554554554558,0,0
161.864964964965,2,0
162.2043843843844,0,0
162.54380380380383,1,0
162.88322322322324,4,0
163.22264264264265,0,0
163.56206206206207,1,0
163.90148148148148,0,0
164.2409009009009,0,0
164.5803203203203,1,0
164.91973973973975,1,0
165.2591591591592,1,0
165.5985785785786,0,0
165.93799799799802,0,0
166.27741741741744,0,0
166.61683683683685,2,0
166.95625625625627,2,0
167.29567567567568,3,0
167.6350950950951,0,0
167.9745145145145,2,0
168.31393393393392,1,0
168.65335335335337,1,0
168.9927727727728,0,0
169.33219219219222,0,0
169.67161161161164,2,0
170.01103103103105,1,0
170.35045045045047,1,0
170.68986986986988,3,0
171.0292892892893,1,0
171.3687087087087,0,0
171.70812812812812,0,0
172.04754754754754,1,0
172.38696696696698,0,0
172.72638638638642,0,0
173.06580580580584,8,0
173.40522522522525,0,0
173.74464464464467,1,0
174.08406406406408,1,0
174.4234834834835,0,0
174.7629029029029,2,0
175.10232232232232,3,0
175.44174174174174,0,0
175.78116116116115,0,0
176.1205805805806,1,0
176.46000000000004,1,0
176.79941941941945,0,0
177.13883883883886,1,0
177.47825825825828,0,0
177.8176776776777,1,0
178.1570970970971,0,0
178.49651651651652,0,0
178.83593593593594,0,0
179.17535535535535,1,0
179.51477477477476,0,0
179.8541941941942,0,0
180.19361361361365,1,0
180.53303303303306,0,0
180.87245245245248,1,0
181.2118718718719,0,0
181.5512912912913,2,0
181.89071071071072,1,0
182.23013013013014,1,0
182.56954954954955,0,0
182.90896896896896,1,0
183.24838838838838,0,0
183.58780780780782,1,0
183.92722722722726,1,0
184.26664664664668,1,0
184.6060660660661,1,0
184.9454854854855,1,0
185.28490490490492,2,0
185.62432432432433,0,0
185.96374374374375,0,0
186.30316316316316,0,0
186.64258258258258,0,0
186.982002002002,0,0
187.32142142142143,0,0
187.66084084084088,0,0
188.0002602602603,1,0
188.3396796796797,0,0
188.67909909909912,0,0
189.01851851851853,2,0
189.35793793793795,2,0
189.69735735735736,1,0
190.03677677677678,0,0
190.3761961961962,0,0
190.71561561561563,0,0
191.05503503503508,0,0
191.3944544544545,0,0
191.7338738738739,0,0
192.07329329329332,0,0
192.41271271271273,1,0
192.75213213213215,0,0
193.09155155155156,0,0
193.43097097097098,0,0
193.7703903903904,1,0
194.1098098098098,0,0
194.44922922922925,1,0
194.7886486486487,0,0
195.1280680680681,3,0
195.46748748748752,1,0
195.80690690690693,0,0
196.14632632632635,0,0
196.48574574574576,0,0
196.82516516516517,1,0
197.1645845845846,2,0
197.504004004004,1,0
197.84342342342342,0,0
198.18284284284286,0,0
198.5222622622623,0,0
198.86168168168172,1,0
199.20110110110113,1,0
199.54052052052054,0,0
199.87993993993996,1,0
200.21935935935937,2,0
200.5587787787788,1,0
200.8981981981982,0,0
201.23761761761762,0,0
201.57703703703703,1,0
201.91645645645647,2,0
202.25587587587592,1,0
202.59529529529533,0,0
202.93471471471474,2,0
203.27413413413416,0,0
203.61355355355357,2,0
203.952972972973,1,0
204.2923923923924,1,0
204.63181181181182,0,0
204.97123123123123,0,0
205.31065065065064,0,0
205.6500700700701,2,0
205.98948948948953,1,0
206.32890890890894,0,0
206.66832832832836,1,0
207.00774774774777,0,0
207.34716716716719,0,0
207.6865865865866,1,0
208.026006006006,1,0
208.36542542542543,0,0
208.70484484484484,1,0
209.04426426426426,0,0
209.3836836836837,1,0
209.72310310310314,1,0
210.06252252252256,0,0
210.40194194194197,0,0
210.74136136136138,0,0
211.0807807807808,0,0
211.4202002002002,0,0
211.75961961961963,0,0
212.09903903903904,0,0
212.43845845845846,1,0
212.77787787787787,0,0
213.1172972972973,0,0
213.45671671671676,0,0
213.79613613613617,0,0
214.13555555555558,0,0
214.474974974975,1,0
214.8143943943944,0,0
215.15381381381383,2,0
215.49323323323324,0,0
215.83265265265265,1,0
216.17207207207207,2,0
216.51149149149148,1,0
216.85091091091093,0,0
217.19033033033037,1,0
217.52974974974978,1,0
217.8691691691692,0,0
218.2085885885886,1,0
218.54800800800803,0,0
218.88742742742744,0,0
219.22684684684685,0,0
219.56626626626627,2,0
219.90568568568568,0,0
220.2451051051051,1,0
220.58452452452454,0,0
220.92394394394398,1,0
221.2633633633634,1,0
221.6027827827828,1,0
221.94220220220222,2,0
222.28162162162164,0,0
222.62104104104105,0,0
222.96046046046047,1,0
223.29987987987988,1,0
223.6392992992993,0,0
223.97871871871874,0,0
224.31813813813818,0,0
224.6575575575576,0,0
224.996976976977,0,0
225.33639639639642,0,0
225.67581581581584,1,0
226.01523523523525,1,0
226.35465465465467,0,0
226.69407407407408,2,0
227.0334934934935,1,0
227.3729129129129,0,0
227.71233233233235,0,0
228.0517517517518,0,0
228.3911711711712,1,0
228.73059059059062,0,0
229.07001001001004,0,0
229.40942942942945,0,0
229.74884884884887,0,0
230.08826826826828,1,0
230.4276876876877,0,0
230.7671071071071,0,0
231.10652652652652,0,0
231.44594594594597,1,0
231.7853653653654,0,0
232.12478478478482,1,0
232.46420420420424,2,0
232.80362362362365,2,0
233.14304304304306,0,0
233.48246246246248,0,0
233.8218818818819,0,0
234.1613013013013,1,0
234.50072072072072,2,0
234.84014014014014,0,0
235.17955955955958,2,0
235.51897897897902,0,0
235.85839839839844,0,0
236.19781781781785,0,0
236.53723723723726,0,0
236.87665665665668,1,0
237.2160760760761,0,0
237.5554954954955,1,0
237.89491491491492,0,0
238.23433433433433,0,0
238.57375375375375,1,0
238.9131731731732,0,0
239.25259259259263,2,0
239.59201201201205,0,0
239.93143143143146,0,0
240.27085085085088,0,0
240.6102702702703,1,0
240.9496896896897,0,0
241.28910910910912,2,0
241.62852852852853,0,0
241.96794794794795,1,0
242.30736736736736,0,0
242.6467867867868,0,0
242.98620620620625,0,0
243.32562562562566,1,0
243.66504504504508,0,0
244.0044644644645,0,0
244.3438838838839,0,0
244.68330330330332,0,0
245.02272272272273,0,0
245.36214214214215,0,0
245.70156156156156,0,0
246.04098098098098,0,0
246.38040040040042,1,0
246.71981981981986,1,0
247.05923923923928,0,0
247.3986586586587,0,0
247.7380780780781,1,0
248.07749749749752,1,0
248.41691691691693,2,0
248.75633633633635,0,0
249.09575575575576,0,0
249.43517517517517,0,0
249.7745945945946,0,0
250.11401401401403,0,0
250.45343343343347,0,0
250.7928528528529,0,0
251.1322722722723,0,0
251.47169169169172,0,0
251.81111111111113,0,0
252.15053053053055,3,0
252.48994994994996,1,0
252.82936936936937,0,0
253.1687887887888,0,0
253.5082082082082,0,0
253.84762762762765,0,0
254.1870470470471,2,0
254.5264664664665,1,0
254.86588588588592,2,0
255.20530530530533,0,0
255.54472472472474,0,0
255.88414414414416,0,0
256.2235635635636,0,0
256.562982982983,0,0
256.9024024024024,0,0
257.2418218218218,0,0
257.5812412412413,0,0
257.9206606606607,1,0
258.2600800800801,0,0
258.59949949949953,1,0
258.93891891891894,0,0
259.27833833833836,3,0
259.6177577577578,0,0
259.9571771771772,1,0
260.2965965965966,0,0
260.636016016016,0,0
260.97543543543543,1,0
261.3148548548549,1,0
261.6542742742743,0,0
261.99369369369373,0,0
262.33311311311314,1,0
262.67253253253256,1,0
263.01195195195197,0,0
263.3513713713714,0,0
263.6907907907908,1,0
264.03021021021027,0,0
264.3696296296297,1,0
264.7090490490491,2,0
265.0484684684685,0,0
265.3878878878879,0,0
265.72730730730734,0,0
266.06672672672676,1,0
266.40614614614617,0,0
266.7455655655656,0,0
267.084984984985,0,0
267.4244044044044,1,0
267.7638238238238,0,0
268.1032432432433,1,0
268.4426626626627,1,0
268.7820820820821,1,0
269.12150150150154,0,0
269.46092092092096,1,0
269.80034034034037,0,0
270.1397597597598,0,0
270.4791791791792,1,0
270.8185985985986,0,0
271.1580180180181,0,0
271.4974374374375,1,0
271.8368568568569,0,0
272.1762762762763,0,0
272.51569569569574,0,0
272.85511511511515,2,0
273.19453453453457,0,0
273.533953953954,2,0
273.8733733733734,0,0
274.2127927927928,1,0
274.5522122122122,2,0
274.89163163163164,0,0
275.2310510510511,0,0
275.5704704704705,0,0
275.90988988988994,0,0
276.24930930930935,0,0
276.58872872872877,1,0
276.9281481481482,0,0
277.2675675675676,0,0
277.606986986987,0,0
277.9464064064064,0,0
278.28582582582584,2,0
278.6252452452453,0,0
278.9646646646647,2,0
279.30408408408414,0,0
279.64350350350355,0,0
279.98292292292297,0,0
280.3223423423424,1,0
280.6617617617618,0,0
281.0011811811812,1,0
281.3406006006006,0,0
281.68002002002004,0,0
282.01943943943945,0,0
282.35885885885887,1,0
282.69827827827834,0,0
283.03769769769775,0,0
283.37711711711717,0,0
283.7165365365366,0,0
284.055955955956,0,0
284.3953753753754,0,0
284.7347947947948,1,0
285.07421421421424,2,0
285.41363363363365,0,0
285.75305305305307,0,0
286.09247247247254,0,0
286.43189189189195,0,0
286.77131131131136,0,0
287.1107307307308,0,0
287.4501501501502,0,0
287.7895695695696,0,0
288.128988988989,0,0
288.46840840840844,0,0
288.80782782782785,1,0
289.14724724724726,0,0
289.4866666666667,0,0
289.8260860860861,0,0
290.16550550550556,0,0
290.504924924925,0,0
290.8443443443444,0,0
291.1837637637638,0,0
291.5231831831832,0,0
291.86260260260264,0,0
292.20202202202205,1,0
292.54144144144146,1,0
292.8808608608609,0,0
293.2202802802803,0,0
293.55969969969976,2,0
293.8991191191192,0,0
294.2385385385386,0,0
294.577957957958,0,0
294.9173773773774,0,0
295.25679679679683,1,0
295.59621621621625,0,0
295.93563563563566,1,0
296.2750550550551,0,0
296.6144744744745,0,0
296.9538938938939,0,0
297.2933133133133,1,0
297.6327327327328,0,0
297.9721521521522,0,0
298.3115715715716,0,0
298.65099099099103,0,0
298.99041041041045,0,0
299.32982982982986,1,0
299.6692492492493,0,0
300.0086686686687,2,0
300.3480880880881,0,0
300.6875075075075,0,0
301.026926926927,1,0
301.3663463463464,0,0
301.7057657657658,0,0
302.04518518518523,0,0
302.38460460460465,0,0
302.72402402402406,0,0
303.0634434434435,0,0
303.4028628628629,0,0
303.7422822822823,0,0
304.0817017017017,0,0
304.42112112112113,0,0
304.7605405405406,0,0
305.09995995996,0,0
305.43937937937943,0,0
305.77879879879885,0,0
306.11821821821826,0,0
306.4576376376377,0,0
306.7970570570571,0,0
307.1364764764765,0,0
307.4758958958959,0,0
307.81531531531533,0,0
308.1547347347348,1,0
308.4941541541542,0,0
308.83357357357363,0,0
309.17299299299304,0,0
309.51241241241246,1,0
309.8518318318319,0,0
310.1912512512513,0,0
310.5306706706707,0,0
310.8700900900901,0,0
311.20950950950953,0,0
311.54892892892894,0,0
311.88834834834836,0,0
312.22776776776783,0,0
312.56718718718724,0,0
312.90660660660666,0,0
313.2460260260261,0,0
313.5854454454455,0,0
313.9248648648649,0,0
314.2642842842843,0,0
314.60370370370373,0,0
314.94312312312314,0,0
315.28254254254256,0,0
315.62196196196203,0,0
315.96138138138144,0,0
316.30080080080086,0,0
316.6402202202203,0,0
316.9796396396397,0,0
317.3190590590591,0,0
317.6584784784785,0,0
317.99789789789793,0,0
318.33731731731734,0,0
318.67673673673676,0,0
319.01615615615617,0,0
319.3555755755756,0,0
319.69499499499506,0,0
320.03441441441447,0,0
320.3738338338339,0,0
320.7132532532533,1,0
321.0526726726727,1,0
321.3920920920921,0,0
321.73151151151154,0,0
322.07093093093096,1,0
322.41035035035037,0,0
322.7497697697698,0,0
323.08918918918926,0,0
323.42860860860867,0,0
323.7680280280281,0,0
324.1074474474475,0,0
324.4468668668669,0,0
324.7862862862863,0,0
325.12570570570574,0,0
325.46512512512516,0,0
325.80454454454457,0,0
326.143963963964,0,0
326.4833833833834,0,0
326.8228028028028,0,0
327.1622222222223,0,0
327.5016416416417,0,0
327.8410610610611,0,0
328.1804804804805,0,0
328.51989989989994,0,0
328.85931931931935,0,0
329.19873873873877,0,0
329.5381581581582,0,0
329.8775775775776,0,0
330.216996996997,1,0
330.5564164164165,0,0
330.8958358358359,0,0
331.2352552552553,0,0
331.5746746746747,0,0
331.91409409409414,0,0
332.25351351351355,0,0
332.59293293293297,0,0
332.9323523523524,0,0
333.2717717717718,0,0
333.6111911911912,0,0
333.9506106106106,0,0
334.29003003003004,0,0
334.6294494494495,0,0
334.9688688688689,0,0
335.30828828828834,0,0
335.64770770770775,0,0
335.98712712712717,0,0
336.3265465465466,0,0
336.665965965966,0,0
337.0053853853854,0,0
337.3448048048048,0,0
337.6842242242243,0,0
338.0236436436437,0,0
338.3630630630631,0,0
338.70248248248254,0,0
339.04190190190195,0,0
339.38132132132137,0,0
339.7207407407408,0,0
340.0601601601602,0,0
340.3995795795796,0,0
340.738998998999,0,0
341.07841841841844,0,0
341.41783783783785,0,0
341.7572572572573,1,0
342.09667667667674,0,0
342.43609609609615,0,0
342.77551551551556,0,0
343.114934934935,0,0
343.4543543543544,0,0
343.7937737737738,0,0
344.1331931931932,1,0
344.47261261261264,0,0
344.81203203203205,0,0
345.1514514514515,0,0
345.49087087087094,0,0
345.83029029029035,0,0
