pulseheight,counts_ch_A,counts_ch_B
59.705882352941174,5,0
79.11764705882352,7,0
98.52941176470588,16,0
117.94117647058823,7,0
137.35294117647058,16,0
156.76470588235293,11,0
176.1764705882353,15,0
195.58823529411762,16,0
215.0,29,0
234.41176470588232,23,0
253.8235294117647,43,0
273.2352941176471,50,0
292.6470588235294,37,0
312.05882352941177,52,0
331.4705882352941,52,0
350.88235294117646,49,0
370.2941176470588,37,0
389.70588235294116,33,0
409.11764705882354,45,0
428.52941176470586,38,0
447.9411764705882,40,0
467.35294117647055,34,0
486.7647058823529,42,0
506.17647058823525,46,0
525.5882352941176,44,0
545.0,37,0
564.4117647058824,29,0
583.8235294117646,23,0
603.2352941176471,23,0
622.6470588235293,40,0
642.0588235294117,32,0
661.4705882352941,33,0
680.8823529411764,29,0
700.2941176470588,29,0
719.7058823529412,34,0
739.1176470588234,20,0
758.5294117647059,30,0
777.9411764705882,28,0
797.3529411764705,20,0
816.7647058823529,27,0
836.1764705882352,22,0
855.5882352941176,19,0
875.0,17,0
894.4117647058822,14,0
913.8235294117646,14,0
933.2352941176471,13,0
952.6470588235293,13,0
972.0588235294117,25,0
991.4705882352941,12,0
1010.8823529411764,17,0
1030.2941176470588,12,0
1049.7058823529412,10,0
1069.1176470588234,10,0
1088.5294117647059,13,0
1107.9411764705883,6,0
1127.3529411764705,10,0
1146.764705882353,12,0
1166.1764705882351,12,0
1185.5882352941176,10,0
1205.0,7,0
1224.4117647058822,5,0
1243.8235294117646,9,0
1263.2352941176468,13,0
1282.6470588235293,10,0
1302.0588235294117,13,0
1321.4705882352941,6,0
1340.8823529411764,7,0
1360.2941176470588,8,0
1379.705882352941,7,0
1399.1176470588234,11,0
1418.5294117647059,9,0
1437.941176470588,10,0
1457.3529411764705,5,0
1476.7647058823527,11,0
1496.1764705882351,13,0
1515.5882352941176,5,0
1535.0,10,0
1554.4117647058822,8,0
1573.8235294117646,9,0
1593.2352941176468,11,0
1612.6470588235293,4,0
1632.0588235294117,9,0
1651.4705882352941,9,0
1670.8823529411764,3,0
1690.2941176470586,9,0
1709.705882352941,8,0
1729.1176470588234,5,0
1748.5294117647059,3,0
1767.941176470588,7,0
1787.3529411764705,3,0
1806.7647058823527,7,0
1826.1764705882351,4,0
1845.5882352941176,7,0
1865.0,2,0
1884.4117647058822,4,0
1903.8235294117646,9,0
1923.2352941176468,4,0
1942.6470588235293,2,0
1962.0588235294117,4,0
1981.470588235294,4,0
2000.8823529411764,1,0
2020.2941176470586,2,0
2039.705882352941,4,0
2059.1176470588234,3,0
2078.529411764706,3,0
2097.9411764705883,6,0
2117.3529411764703,5,0
2136.764705882353,5,0
2156.176470588235,7,0
2175.588235294117,9,0
2195.0,5,0
2214.411764705882,4,0
2233.823529411765,7,0
2253.235294117647,6,0
2272.6470588235293,7,0
2292.0588235294117,3,0
2311.4705882352937,2,0
2330.8823529411766,4,0
2350.2941176470586,0,0
2369.705882352941,1,0
2389.1176470588234,1,0
2408.5294117647054,1,0
2427.9411764705883,1,0
2447.3529411764703,0,0
2466.764705882353,0,0
2486.176470588235,0,0
2505.588235294117,2,0
2525.0,1,0
2544.411764705882,1,0
2563.823529411765,0,0
2583.235294117647,3,0
2602.647058823529,0,0
2622.0588235294117,0,0
2641.4705882352937,1,0
2660.8823529411766,0,0
2680.2941176470586,2,0
2699.705882352941,2,0
2719.1176470588234,0,0
2738.5294117647054,2,0
2757.9411764705883,0,0
2777.3529411764703,3,0
2796.7647058823527,2,0
2816.176470588235,2,0
2835.588235294117,1,0
2855.0,1,0
2874.411764705882,1,0
2893.823529411765,1,0
2913.235294117647,0,0
2932.647058823529,1,0
2952.0588235294117,0,0
2971.4705882352937,2,0
2990.8823529411766,0,0
3010.2941176470586,1,0
3029.705882352941,0,0
3049.1176470588234,1,0
3068.5294117647054,2,0
3087.9411764705883,1,0
3107.3529411764703,0,0
3126.7647058823527,0,0
3146.176470588235,1,0
3165.588235294117,0,0
3185.0,1,0
3204.411764705882,0,0
3223.823529411765,0,0
3243.235294117647,1,0
3262.647058823529,1,0
3282.0588235294117,0,0
3301.4705882352937,0,0
3320.8823529411766,0,0
3340.2941176470586,1,0
3359.7058823529405,0,0
3379.1176470588234,0,0
3398.5294117647054,0,0
3417.9411764705883,0,0
3437.3529411764703,0,0
3456.7647058823527,0,0
3476.176470588235,0,0
3495.588235294117,1,0
3515.0,0,0
3534.411764705882,0,0
3553.8235294117644,0,0
3573.235294117647,0,0
3592.647058823529,1,0
3612.0588235294117,0,0
3631.4705882352937,1,0
3650.8823529411766,0,0
3670.2941176470586,0,0
3689.7058823529405,0,0
3709.1176470588234,0,0
3728.5294117647054,0,0
3747.9411764705883,0,0
3767.3529411764703,0,0
3786.7647058823527,1,0
3806.176470588235,0,0
3825.588235294117,0,0
3845.0,1,0
3864.411764705882,0,0
3883.8235294117644,2,0
3903.235294117647,0,0
3922.647058823529,0,0
3942.0588235294117,1,0
3961.4705882352937,0,0
3980.8823529411766,1,0
4000.2941176470586,0,0
4019.7058823529405,0,0
4039.1176470588234,2,0
4058.5294117647054,0,0
4077.9411764705883,0,0
4097.35294117647,0,0
4116.764705882352,1,0
4136.176470588235,0,0
4155.588235294117,1,0
4175.0,0,0
4194.411764705882,0,0
4213.823529411764,0,0
4233.235294117647,0,0
4252.64705882353,0,0
4272.058823529411,1,0
4291.470588235294,1,0
4310.882352941177,0,0
4330.294117647059,0,0
4349.7058823529405,0,0
4369.117647058823,0,0
4388.529411764705,0,0
4407.941176470587,0,0
4427.35294117647,0,0
4446.764705882353,1,0
4466.176470588235,0,0
4485.588235294117,0,0
4505.0,1,0
4524.411764705882,1,0
4543.823529411764,0,0
4563.235294117647,0,0
4582.64705882353,0,0
4602.058823529411,0,0
4621.470588235294,0,0
4640.882352941177,1,0
4660.294117647059,0,0
4679.7058823529405,0,0
4699.117647058823,0,0
4718.529411764705,2,0
4737.941176470587,0,0
4757.35294117647,0,0
4776.764705882353,1,0
4796.176470588234,0,0
4815.588235294117,2,0
4835.0,1,0
4854.411764705882,0,0
4873.823529411764,0,0
4893.235294117647,0,0
4912.64705882353,0,0
4932.058823529411,0,0
4951.470588235294,0,0
4970.882352941177,0,0
4990.294117647059,0,0
